Data;2009;2010;2011;2012;2013;2014;2015;2016;2017;2018;2019;2020;media;2020_ac;media_ac
jan/01;423;318;384;379;339;375;407;366;475;414;371;375;386;375;386
jan/02;435;364;357;357;343;394;413;314;578;418;386;380;396;755;783
jan/03;416;357;370;356;352;399;416;339;479;450;367;374;391;1129;1174
jan/04;380;322;350;362;321;327;466;348;501;425;371;363;379;1492;1553
jan/05;446;334;368;354;342;359;452;329;493;434;367;333;389;1825;1942
jan/06;408;341;324;358;316;360;446;316;461;404;409;364;377;2189;2319
jan/07;391;344;348;355;332;366;419;305;421;322;415;383;365;2572;2684
jan/08;404;329;324;346;322;336;412;362;444;389;376;383;368;2955;3052
jan/09;373;340;312;395;336;337;449;346;441;406;417;380;377;3335;3429
jan/10;382;348;361;378;344;326;441;320;470;432;437;376;385;3711;3814
jan/11;448;383;332;349;350;357;435;343;423;405;408;378;385;4089;4199
jan/12;429;375;338;348;306;332;455;378;445;368;431;405;382;4494;4581
jan/13;417;381;318;365;336;353;498;301;442;405;416;405;385;4899;4966
jan/14;386;344;325;338;339;379;461;367;384;404;483;397;383;5296;5349
jan/15;402;372;307;374;329;338;461;347;368;394;414;426;373;5722;5722
jan/16;419;356;356;374;313;286;447;301;394;421;445;388;374;6110;6096
jan/17;372;369;352;351;382;328;414;302;413;412;413;388;373;6498;6469
jan/18;396;361;319;298;351;328;441;347;392;389;416;387;367;6885;6837
jan/19;429;312;303;374;344;333;424;343;424;424;403;382;374;7267;7210
jan/20;391;312;344;375;360;345;486;352;422;407;414;374;383;7641;7593
jan/21;392;296;313;375;351;329;435;383;430;375;408;355;372;7996;7965
jan/22;368;316;331;346;322;355;442;349;414;380;438;377;369;8373;8334
jan/23;386;318;358;359;320;307;412;356;464;403;445;402;375;8775;8709
jan/24;364;314;333;349;340;338;445;331;485;398;457;380;378;9155;9087
jan/25;369;324;332;320;346;347;443;355;382;346;440;413;364;9568;9451
jan/26;368;320;360;320;339;321;412;329;441;399;415;373;366;9941;9816
jan/27;370;310;349;345;361;372;439;337;444;372;433;412;376;10353;10192
jan/28;352;332;374;303;339;339;408;322;397;399;434;373;364;10726;10556
jan/29;368;340;356;347;348;329;449;295;389;392;446;367;369;11093;10925
jan/30;336;328;330;367;304;335;411;322;407;383;425;378;359;11471;11284
jan/31;317;308;371;395;357;364;407;376;408;351;431;392;371;11863;11655
fev/01;356;323;373;388;339;332;385;351;411;365;401;381;366;12244;12021
fev/02;381;354;383;380;335;346;423;328;385;389;398;383;373;12627;12394
fev/03;355;317;357;339;320;336;398;324;377;373;370;395;351;13022;12745
fev/04;311;326;372;380;335;334;407;315;386;376;381;378;357;13400;13102
fev/05;333;334;393;402;352;335;408;306;368;424;415;357;370;13757;13472
fev/06;356;343;357;437;339;366;425;320;345;374;428;344;372;14101;13844
fev/07;294;290;383;431;357;336;405;333;351;408;395;349;362;14450;14206
fev/08;327;330;389;373;308;326;417;338;322;405;383;337;356;14787;14562
fev/09;391;335;347;383;350;316;450;351;328;412;404;329;370;15116;14932
fev/10;335;312;362;407;340;381;431;336;367;382;381;331;367;15447;15298
fev/11;369;305;336;368;356;348;441;360;382;388;448;324;373;15771;15671
fev/12;350;305;308;431;287;333;423;335;370;412;388;336;358;16107;16029
fev/13;355;303;322;400;377;369;418;335;368;418;367;333;367;16440;16396
fev/14;313;301;369;429;365;376;405;302;304;415;389;316;361;16756;16757
fev/15;338;384;314;430;346;346;416;308;337;410;391;327;365;17083;17122
fev/16;346;344;324;437;367;308;374;314;325;385;379;306;355;17389;17477
fev/17;348;386;333;459;339;336;359;331;330;387;363;340;361;17729;17838
fev/18;317;323;341;425;342;315;410;337;359;395;368;298;357;18027;18195
fev/19;285;347;331;476;338;330;402;347;353;407;395;329;365;18356;18560
fev/20;321;377;315;449;323;340;381;370;346;402;333;309;360;18665;18920
fev/21;316;377;345;455;341;331;383;352;329;415;377;331;366;18996;19285
fev/22;311;393;366;441;350;335;378;381;288;406;346;315;363;19311;19649
fev/23;358;376;325;478;308;314;405;318;335;385;381;313;362;19624;20011
fev/24;356;329;349;464;329;353;375;344;344;373;355;296;361;19920;20372
fev/25;359;361;298;415;376;343;414;304;312;392;354;314;357;20234;20729
fev/26;364;374;298;451;329;332;356;322;292;410;361;306;354;20540;21082
fev/27;358;310;313;464;334;374;411;330;304;399;331;348;357;20888;21439
fev/28;324;363;325;428;341;309;382;300;329;391;353;297;350;21185;21789
fev/29;;;;415;;;;323;;;;293;369;21478;22158
mar/01;347;336;312;437;314;333;369;345;301;376;352;321;347;21799;22505
mar/02;328;333;299;407;342;334;392;345;290;383;340;299;345;22098;22850
mar/03;327;333;310;383;347;318;347;375;311;368;355;310;343;22408;23193
mar/04;304;317;287;418;391;282;380;336;296;342;353;286;337;22694;23530
mar/05;323;312;267;383;364;294;356;360;308;347;335;298;332;22992;23862
mar/06;331;304;295;390;391;331;310;320;312;391;317;284;336;23276;24198
mar/07;299;345;331;401;338;315;351;310;294;319;335;284;331;23560;24528
mar/08;297;306;305;419;339;334;314;368;316;326;333;285;332;23845;24861
mar/09;347;326;304;357;318;310;338;369;321;323;339;325;332;24170;25193
mar/10;294;344;337;376;344;299;340;336;324;359;334;328;335;24498;25528
mar/11;313;312;336;348;306;318;318;336;287;335;334;340;322;24838;25850
mar/12;300;293;317;405;327;316;332;339;296;357;338;333;329;25171;26179
mar/13;342;313;277;370;301;327;331;331;273;344;320;318;321;25489;26500
mar/14;302;317;328;354;281;317;352;341;304;363;335;319;327;25808;26827
mar/15;330;296;302;361;290;291;307;337;307;344;272;292;312;26100;27139
mar/16;315;300;268;350;344;296;303;288;343;318;340;336;315;26436;27454
mar/17;294;324;290;325;341;304;311;299;323;328;317;334;314;26770;27768
mar/18;308;358;330;316;279;302;317;335;311;335;296;313;317;27083;28085
mar/19;289;354;306;321;335;288;349;360;297;297;322;355;320;27438;28405
mar/20;300;344;313;331;287;337;311;335;310;294;334;346;318;27784;28723
mar/21;282;314;331;321;315;281;357;321;315;317;338;319;317;28103;29040
mar/22;279;312;358;321;312;287;342;337;292;325;297;322;315;28425;29355
mar/23;306;307;287;334;368;257;321;331;289;343;320;316;315;28741;29670
mar/24;308;310;291;310;280;287;301;325;288;333;295;368;303;29109;29972
mar/25;284;295;292;318;309;312;278;333;283;331;298;350;303;29459;30275
mar/26;280;268;296;320;353;261;294;318;305;362;318;376;307;29835;30582
mar/27;277;292;257;322;311;286;299;311;297;351;311;343;301;30178;30884
mar/28;275;280;299;298;290;288;319;321;318;336;275;327;300;30505;31183
mar/29;255;294;265;333;307;288;280;312;285;321;283;342;293;30847;31476
mar/30;282;282;257;322;286;291;331;306;276;325;348;357;301;31204;31777
mar/31;268;288;257;305;289;290;318;314;303;311;307;370;295;31574;32072
abr/01;286;313;302;321;344;330;317;331;274;351;330;371;318;31945;32391
abr/02;285;291;282;310;292;340;339;322;264;394;308;371;312;32316;32702
abr/03;294;301;302;303;257;331;328;308;301;342;265;378;303;32694;33005
abr/04;272;264;268;314;272;259;276;316;334;352;285;373;292;33067;33297
abr/05;268;283;281;286;268;294;279;343;286;336;310;330;294;33397;33591
abr/06;286;319;290;273;303;315;318;308;300;322;291;366;302;33763;33893
abr/07;283;299;319;244;295;303;288;325;294;321;325;379;300;34142;34193
abr/08;294;323;327;312;290;319;296;304;276;296;335;370;307;34512;34499
abr/09;279;326;276;291;302;294;253;334;290;316;285;360;295;34872;34795
abr/10;257;283;286;273;301;293;236;306;317;318;323;334;290;35206;35085
abr/11;286;307;286;309;276;291;278;341;307;329;299;313;301;35519;35386
abr/12;255;316;287;295;279;287;275;311;315;343;298;352;296;35871;35682
abr/13;301;309;294;280;300;275;305;283;262;335;294;348;294;36219;35976
abr/14;296;278;268;284;273;306;265;340;295;320;304;326;294;36545;36270
abr/15;287;297;276;268;283;303;283;295;276;337;325;336;294;36881;36564
abr/16;248;275;271;296;274;317;272;313;273;322;313;339;289;37220;36852
abr/17;288;267;281;279;284;315;296;293;308;320;319;337;295;37557;37148
abr/18;298;291;282;264;267;267;277;288;251;303;274;308;278;37865;37426
abr/19;266;271;257;288;295;289;245;291;254;321;288;259;279;38124;37705
